100
6 92
29 42
18 78
59 39
99 18
81 99
11 15
83 69
61 70
79 13
15 15
57 0
6 68
38 48
46 42
74 45
59 22
49 6
6 30
18 34
32 66
89 92
49 80
50 43
13 58
67 43
53 90
65 90
6 62
22 12
17 88
92 12
70 82
43 39
7 72
72 38
86 88
12 80
40 41
43 21
21 72
23 20
50 25
19 0
47 93
7 15
47 98
9 92
12 38
59 63
81 22
100 49
30 25
37 8
79 37
75 6
20 40
73 58
92 23
87 68
57 4
88 61
80 21
13 50
14 81
90 40
68 85
58 99
31 88
7 55
45 80
11 2
8 50
91 77
7 21
66 100
46 48
32 23
39 73
29 99
100 94
43 76
11 7
41 48
55 46
32 61
27 47
2 87
7 93
46 96
100 64
87 24
86 27
59 38
83 74
58 59
8 40
11 45
31 70
62 47
