39
0 2 0 0 2 2
0 -2 0 0 2 2
1 1 0 2 0 3
1 1 2 0 3 0
0 0 0 1 0 -1
0 2 1 0 -1 0
-1.000000 -1.000000 1.000000 0.000000 0.000000 0.000000
-1.000000 -14.000000 25.000000 0.000000 0.000000 0.000000
-1.000000 6.000000 25.000000 20.000000 0.000000 20.000000
-2.000000 6.000000 24.000000 20.000000 -1.000000 20.000000
1.000000 1.000000 1.000000 0.000000 0.000000 0.000000
2.000000 1.000000 12.000000 0.000000 0.000000 0.000000
-1.000000 -14.000000 -25.000000 0.000000 0.000000 0.000000
1.000000 1.000000 1.000000 0.500000 0.000000 0.000000
1.000000 1.000000 0.000000 0.500000 0.000000 0.000000
1.000000 1.000000 0.000000 0.500000 0.000000 0.000000
1.000000 1.000000 0.000000 0.500000 0.000000 0.000000
1.000000 1.000000 0.000000 0.500000 0.000000 0.000000
1.000000 1.000000 0.000000 0.500000 0.000000 0.000000
1.000000 1.000000 0.000000 0.500000 0.000000 0.000000
1.000000 1.000000 0.000000 0.500000 0.000000 0.000000
1.000000 1.000000 0.000000 0.500000 0.000000 0.000000
1.000000 1.000000 0.000000 0.500000 0.000000 0.000000
1.000000 1.000000 0.000000 0.500000 0.000000 0.000000
1.000000 1.000000 0.000000 0.500000 0.000000 0.000000
1.000000 1.000000 0.000000 0.500000 0.000000 0.000000
1.000000 1.000000 0.000000 0.500000 0.000000 0.000000
1.000000 1.000000 0.000000 0.500000 0.000000 0.000000
1.000000 1.000000 0.000000 0.500000 0.000000 0.000000
1.000000 1.000000 0.000000 0.500000 0.000000 0.000000
1.000000 1.000000 0.000000 0.500000 0.000000 0.000000
1.000000 1.000000 0.000000 0.500000 0.000000 0.000000
1.000000 1.000000 0.000000 0.500000 0.000000 0.000000
1.000000 1.000000 0.000000 0.500000 0.000000 0.000000
1.000000 1.000000 0.000000 0.500000 0.000000 0.000000
1.000000 1.000000 0.000000 0.500000 0.000000 0.000000
1.000000 1.000000 0.000000 0.500000 0.000000 0.000000
1.000000 1.000000 0.000000 0.500000 0.000000 0.000000
1.000000 1.000000 0.000000 0.500000 0.000000 0.000000
